9671
5969
3984
735
587
3662
4419
2505
2241
5453
808
8122
4302
1857
2292
835
2138
5807
2909
1527
1173
3822
9875
353
1281
1672
9079
9218
2675
8211
1430
9341
2384
5364
5580
2450
2818
7231
9732
4487
3905
7205
8314
4422
7393
4137
4334
5152
302
2844
1177
6185
9021
5935
3306
1059
3089
5939
1714
2417
6715
3171
3205
3342
7122
5678
6752
7480
5053
5846
237
2210
4539
3087
8030
9930
4653
9324
4623
3651
4501
3840
402
6370
2157
226
1570
7636
1655
5887
4725
3385
1606
8364
4250
686
8374
7706
8991
3655
9152
1701
5869
8803
9616
9328
8866
6565
5659
5167
939
3992
8189
847
4795
4883
2189
9445
7634
1005
5324
8841
3592
953
3777
824
6958
6099
7375
9031
6015
3950
4112
7383
6696
3314
7730
6780
2950
1463
4489
811
2106
8561
6556
745
9497
8119
4435
5282
2323
9608
5016
9621
3104
143
9664
5104
6139
4499
1544
8754
7264
2731
927
2900
3312
4720
7987
8290
2693
8093
794
2455
4056
7888
9392
4026
8979
1118
8620
1918
299
2879
4960
4024
537
4283
8998
9411
3529
4339
6972
540
5312
7614
8827
4244
583
476
7812
832
9518
7237
1003
1822
7975
4032
2321
7830
7506
1023
4980
6559
9699
7869
2904
8489
4396
7640
3132
5819
9735
7218
4730
3502
2375
6917
6136
5745
6804
8711
4523
8304
749
4370
4987
4656
3647
233
4169
68
152
9829
6534
5169
8081
8451
4817
8950
952
8301
8907
664
1815
2548
2623
770
5126
2902
4007
6290
6401
8053
5558
254
5103
8969
3446
9422
3399
8999
5278
7478
8180
2005
6825
7188
8585
2638
1639
4608
7942
4522
1067
3192
9849
3388
9812
4447
690
902
9994
6735
8683
1996
5882
2309
2208
2794
5948
41
8275
1727
5553
2225
8656
1553
5061
378
3584
5208
1717
4581
763
8080
2058
1922
5145
3084
6613
9540
2595
2105
1893
574
704
4606
8242
6072
7077
4993
9815
1328
2936
6863
6771
3403
987
9372
2361
7963
7564
9971
8691
6513
9760
1632
4514
3048
6620
2102
8184
4986
5813
8631
4971
4397
148
2019
491
2971
9148
5489
240
4184
6362
8090
7090
4749
3725
852
6244
2041
8726
2545
4372
4761
6483
1155
6711
9995
129
1700
119
8263
5702
5429
7234
4323
4287
9124
3131
4390
6448
8873
3826
6353
3392
3609
6265
9455
8545
2592
844
6590
6006
17
4299
9222
2155
4634
4595
7067
7104
5965
4716
1183
3954
7382
9393
1108
8432
2094
3140
6474
362
3356
2622
4338
9837
2654
941
5777
6242
9192
1123
5902
4955
8572
9776
6276
414
7397
1257
1131
2652
100
5640
4330
265
4160
1739
8879
9480
2223
9537
6964
7236
7786
6501
6106
323
6517
7071
7036
3093
5870
6253
6641
1024
1228
6171
5806
5480
7329
6602
5214
2897
9277
7143
9091
2833
7702
9524
1425
6348
8470
3552
8940
9642
7457
320
4968
7312
2037
2369
9964
10
5372
